Q = [1 0;0 1]; 
R = 1; 
H = [1 0]; 
P0 = 10^6*[1 0; 0 1]; 
X = 0;
Z = X; 
W = X;
Phi = [1 1; 0 1]; 
P1Q = P0; 
q1 = [1; 1];
I=Q;
X0(1,1) = 0;
X0(2,1) = 0.00;